
LvSG:
1.5555 -2.6942050311733885 0.0
1.5555 2.6942050311733885 0.0
0.0 0.0 4.988
sitesInConv:
2.7776666700000003 0.33333332999999976 0.0
0.66666667 0.33333333 0.0
0.66666667 1.3333333300000003 0.0
2.7776666700000003 1.3333333299999999 0.0
2.7776666700000003 0.33333332999999976 0.9999999999999998
0.66666667 0.33333333 0.9999999999999998
0.66666667 1.3333333300000003 0.9999999999999998
2.7776666700000003 1.3333333299999999 0.9999999999999998
0.33333333 0.66666666 0.4999999999999999
1.3333333299999999 0.6666666599999999 0.4999999999999999
1.33333333 1.6666666599999997 0.4999999999999999
0.3333333299999998 1.66666666 0.4999999999999999
0.33333333 0.66666666 1.5
1.3333333299999999 0.6666666599999999 1.5
1.33333333 1.6666666599999997 1.5
0.3333333299999998 1.66666666 1.5
2.7776666700000003 0.33333332999999976 0.6181
0.66666667 0.33333333 0.6181
0.66666667 1.3333333300000003 0.6181
2.7776666700000003 1.3333333299999999 0.6181
2.7776666700000003 0.33333332999999976 1.6180999999999996
0.66666667 0.33333333 1.6180999999999996
0.66666667 1.3333333300000003 1.6180999999999996
2.7776666700000003 1.3333333299999999 1.6180999999999996
0.33333333 0.66666666 0.11809999999999998
1.3333333299999999 0.6666666599999999 0.11809999999999998
1.33333333 1.6666666599999997 0.11809999999999998
0.3333333299999998 1.66666666 0.11809999999999998
0.33333333 0.66666666 1.1180999999999996
1.3333333299999999 0.6666666599999999 1.1180999999999996
1.33333333 1.6666666599999997 1.1180999999999996
0.3333333299999998 1.66666666 1.1180999999999996
atmInds:
0 0 0 0 0 0 0 0 0 0 0 0 0 0 0 0 1 1 1 1 1 1 1 1 1 1 1 1 1 1 1 1
LvSG:
1.5555 -2.6942050311733885 0.0
1.5555 2.6942050311733885 0.0
0.0 0.0 4.988
sitesInConv:
2.7776666700000003 0.33333332999999976 0.0
0.66666667 0.33333333 0.0
0.66666667 1.3333333300000003 0.0
2.7776666700000003 1.3333333299999999 0.0
2.7776666700000003 0.33333332999999976 0.9999999999999998
0.66666667 0.33333333 0.9999999999999998
0.66666667 1.3333333300000003 0.9999999999999998
2.7776666700000003 1.3333333299999999 0.9999999999999998
0.33333333 0.66666666 0.4999999999999999
1.3333333299999999 0.6666666599999999 0.4999999999999999
1.33333333 1.6666666599999997 0.4999999999999999
0.3333333299999998 1.66666666 0.4999999999999999
0.33333333 0.66666666 1.5
1.3333333299999999 0.6666666599999999 1.5
1.33333333 1.6666666599999997 1.5
0.3333333299999998 1.66666666 1.5
2.7776666700000003 0.33333332999999976 0.6181
0.66666667 0.33333333 0.6181
0.66666667 1.3333333300000003 0.6181
2.7776666700000003 1.3333333299999999 0.6181
2.7776666700000003 0.33333332999999976 1.6180999999999996
0.66666667 0.33333333 1.6180999999999996
0.66666667 1.3333333300000003 1.6180999999999996
2.7776666700000003 1.3333333299999999 1.6180999999999996
0.33333333 0.66666666 0.11809999999999998
1.3333333299999999 0.6666666599999999 0.11809999999999998
1.33333333 1.6666666599999997 0.11809999999999998
0.3333333299999998 1.66666666 0.11809999999999998
0.33333333 0.66666666 1.1180999999999996
1.3333333299999999 0.6666666599999999 1.1180999999999996
1.33333333 1.6666666599999997 1.1180999999999996
0.3333333299999998 1.66666666 1.1180999999999996
atmInds:
0 0 0 0 0 0 0 0 0 0 0 0 0 0 0 0 1 1 1 1 1 1 1 1 1 1 1 1 1 1 1 1
LvSG:
1.5555 -2.6942050311733885 0.0
1.5555 2.6942050311733885 0.0
0.0 0.0 4.988
sitesInConv:
2.7776666700000003 0.33333332999999976 0.0
0.66666667 0.33333333 0.0
0.66666667 1.3333333300000003 0.0
2.7776666700000003 1.3333333299999999 0.0
2.7776666700000003 0.33333332999999976 0.9999999999999998
0.66666667 0.33333333 0.9999999999999998
0.66666667 1.3333333300000003 0.9999999999999998
2.7776666700000003 1.3333333299999999 0.9999999999999998
0.33333333 0.66666666 0.4999999999999999
1.3333333299999999 0.6666666599999999 0.4999999999999999
1.33333333 1.6666666599999997 0.4999999999999999
0.3333333299999998 1.66666666 0.4999999999999999
0.33333333 0.66666666 1.5
1.3333333299999999 0.6666666599999999 1.5
1.33333333 1.6666666599999997 1.5
0.3333333299999998 1.66666666 1.5
2.7776666700000003 0.33333332999999976 0.6181
0.66666667 0.33333333 0.6181
0.66666667 1.3333333300000003 0.6181
2.7776666700000003 1.3333333299999999 0.6181
2.7776666700000003 0.33333332999999976 1.6180999999999996
0.66666667 0.33333333 1.6180999999999996
0.66666667 1.3333333300000003 1.6180999999999996
2.7776666700000003 1.3333333299999999 1.6180999999999996
0.33333333 0.66666666 0.11809999999999998
1.3333333299999999 0.6666666599999999 0.11809999999999998
1.33333333 1.6666666599999997 0.11809999999999998
0.3333333299999998 1.66666666 0.11809999999999998
0.33333333 0.66666666 1.1180999999999996
1.3333333299999999 0.6666666599999999 1.1180999999999996
1.33333333 1.6666666599999997 1.1180999999999996
0.3333333299999998 1.66666666 1.1180999999999996
atmInds:
0 0 0 0 0 0 0 0 0 0 0 0 0 0 0 0 1 1 1 1 1 1 1 1 1 1 1 1 1 1 1 1